image_width: 672
image_height: 376
camera_name: narrow_stereo
camera_matrix:
  rows: 3
  cols: 3
  data: [354.462916, 0.000000, 318.796455, 0.000000, 355.052744, 183.938033, 0.000000, 0.000000, 1.000000]
distortion_model: plumb_bob
distortion_coefficients:
  rows: 1
  cols: 5
  data: [-0.180908, 0.029552, 0.000223, 0.000865, 0.000000]
rectification_matrix:
  rows: 3
  cols: 3
  data: [1.000000, 0.000000, 0.000000, 0.000000, 1.000000, 0.000000, 0.000000, 0.000000, 1.000000]
projection_matrix:
  rows: 3
  cols: 4
  data: [285.398987, 0.000000, 311.557065, 0.000000, 0.000000, 334.918488, 183.044142, 0.000000, 0.000000, 0.000000, 1.000000, 0.000000]
