# oST version 5.0 parameters


[image]

width
672

height
376

[narrow_stereo]

camera matrix
354.462916 0.000000 318.796455
0.000000 355.052744 183.938033
0.000000 0.000000 1.000000

distortion
-0.180908 0.029552 0.000223 0.000865 0.000000

rectification
1.000000 0.000000 0.000000
0.000000 1.000000 0.000000
0.000000 0.000000 1.000000

projection
285.398987 0.000000 311.557065 0.000000
0.000000 334.918488 183.044142 0.000000
0.000000 0.000000 1.000000 0.000000

