# oST version 5.0 parameters


[image]

width
672

height
376

[narrow_stereo]

camera matrix
345.178940 0.000000 337.897093
0.000000 344.821398 203.442906
0.000000 0.000000 1.000000

distortion
-0.169650 0.025820 -0.001486 0.001162 0.000000

rectification
1.000000 0.000000 0.000000
0.000000 1.000000 0.000000
0.000000 0.000000 1.000000

projection
278.661865 0.000000 340.939109 0.000000
0.000000 325.266266 204.166446 0.000000
0.000000 0.000000 1.000000 0.000000

