image_width: 672
image_height: 376
camera_name: narrow_stereo
camera_matrix:
  rows: 3
  cols: 3
  data: [345.178940, 0.000000, 337.897093, 0.000000, 344.821398, 203.442906, 0.000000, 0.000000, 1.000000]
distortion_model: plumb_bob
distortion_coefficients:
  rows: 1
  cols: 5
  data: [-0.169650, 0.025820, -0.001486, 0.001162, 0.000000]
rectification_matrix:
  rows: 3
  cols: 3
  data: [1.000000, 0.000000, 0.000000, 0.000000, 1.000000, 0.000000, 0.000000, 0.000000, 1.000000]
projection_matrix:
  rows: 3
  cols: 4
  data: [278.661865, 0.000000, 340.939109, 0.000000, 0.000000, 325.266266, 204.166446, 0.000000, 0.000000, 0.000000, 1.000000, 0.000000]
